34 43 15

200

0 17 20 5
1 17 10 3
1 5 15 2
2 22 12 5
2 3 23 6
3 22 9 3
3 20 16 3
3 27 26 1
4 27 10 5
4 17 60 3
4 5 30 5
6 7 23 5
7 8 10 2
8 10 23 3
9 23 13 2
9 24 12 5
9 28 10 6
9 19 10 5
10 26 30 7
11 14 10 5
11 26 12 3
11 30 16 5
12 13 21 1
12 15 10 1
12 28 16 5
13 24 21 1
13 30 23 2
14 27 12 3
15 16 15 6
15 30 16 5
15 31 23 2
16 31 23 4
18 22 12 5
19 28 12 3
20 22 10 1
20 23 12 6
21 28 30 1
23 27 20 6
25 26 50 3
26 27 20 6
28 29 23 5
31 32 23 5
31 33 40 2

0 0 13
1 2 33
2 20 25
3 19 18
4 29 15
5 21 27
6 33 36
7 32 19
8 16 27
9 10 32
10 8 18
11 7 22
12 6 25
13 1 17
14 17 30